<?xml version="1.0"?>
<opencv_storage>
<images>
img/0001.jpg
img/0002.jpg
img/0003.jpg
img/0004.jpg
img/0005.jpg
img/0006.jpg
img/0007.jpg
img/0008.jpg
img/0009.jpg
img/0010.jpg
img/0011.jpg
img/0012.jpg
img/0013.jpg
img/0014.jpg
img/0015.jpg
img/0016.jpg
img/0017.jpg
img/0018.jpg
img/0019.jpg
img/0020.jpg
img/0021.jpg
img/0022.jpg
img/0023.jpg
img/0024.jpg
img/0025.jpg
img/0026.jpg
img/0027.jpg
img/0028.jpg
img/0029.jpg
img/0030.jpg
img/0031.jpg
img/0032.jpg
img/0033.jpg
img/0034.jpg
img/0035.jpg
img/0036.jpg
img/0037.jpg
img/0038.jpg
img/0039.jpg
img/0040.jpg
img/0041.jpg
img/0042.jpg
img/0043.jpg
img/0044.jpg
img/0045.jpg
img/0046.jpg
	
</images>
</opencv_storage>