<?xml version="1.0"?>
<opencv_storage>
<calibration_time>"Mon 15 Apr 2019 15:34:49 BST"</calibration_time>
<nr_of_frames>40</nr_of_frames>
<image_width>640</image_width>
<image_height>480</image_height>
<board_width>9</board_width>
<board_height>6</board_height>
<square_size>2.4299999237060547e+01</square_size>
<fix_aspect_ratio>1.</fix_aspect_ratio>
<!-- flags: +fix_aspectRatio +fix_principal_point +zero_tangent_dist +fix_k4 +fix_k5 -->
<flags>6158</flags>
<fisheye_model>0</fisheye_model>
<camera_matrix type_id="opencv-matrix">
  <rows>3</rows>
  <cols>3</cols>
  <dt>d</dt>
  <data>
    8.5254013742508005e+02 0. 320. 0. 8.5254013742508005e+02 240. 0. 0.
    1.</data></camera_matrix>
<distortion_coefficients type_id="opencv-matrix">
  <rows>5</rows>
  <cols>1</cols>
  <dt>d</dt>
  <data>
    -3.9074174284370877e-01 7.7818551077247955e+00 0. 0.
    -4.2767349732380787e+01</data></distortion_coefficients>
<avg_reprojection_error>1.5827658446503936e+00</avg_reprojection_error>
<per_view_reprojection_errors type_id="opencv-matrix">
  <rows>40</rows>
  <cols>1</cols>
  <dt>f</dt>
  <data>
    4.27147985e-01 6.49682879e-01 7.49875069e-01 1.11725593e+00
    3.69507700e-01 4.79059607e-01 8.33297014e-01 9.47187781e-01
    6.98338211e-01 6.86714828e-01 4.76430595e-01 7.50495315e-01
    9.83600080e-01 7.20359862e-01 7.30402470e-01 4.72362965e-01
    4.96900231e-01 5.10935128e-01 7.63443172e-01 8.35954905e-01
    7.98145413e-01 1.03743958e+00 2.47425273e-01 3.62766236e-01
    4.77227896e-01 5.75688362e-01 5.90464544e+00 2.10986838e-01
    7.79826581e-01 3.82737488e-01 1.85591608e-01 8.03199232e-01
    4.05649233e+00 3.19175392e-01 4.28194046e+00 3.90800500e+00
    4.04928595e-01 3.42117697e-01 4.41460580e-01 7.75777578e-01</data></per_view_reprojection_errors>
<!-- a set of 6-tuples (rotation vector + translation vector) for each view -->
<extrinsic_parameters type_id="opencv-matrix">
  <rows>40</rows>
  <cols>6</cols>
  <dt>d</dt>
  <data>
    -1.4536654454576043e-02 -5.8951978248236843e-02
    2.4280799501425396e-01 -5.2183955140222707e+01
    -9.4679465048424916e+01 5.6394564512262957e+02
    1.2000738949296724e-01 -2.6230380404090876e-02
    1.1598449832547493e-01 -9.1793495122999801e+01
    -7.3902074772430623e+01 5.1716811739677962e+02
    -6.6452435835785986e-02 2.3558163935904572e-01
    1.3971377941815141e-01 -1.1371690759338357e+02
    -7.8985969190959210e+01 4.5168771704639812e+02
    6.0191478955317490e-01 2.3424746034568775e-01 6.4261000778383703e-02
    -1.0677039814323970e+02 -4.1157299741422072e+01
    4.2383924438825483e+02 3.8693928315453339e-02 3.1466308408988297e-01
    2.4795953772119086e-02 -6.9538523298618486e+01
    -2.0495113378579376e+01 8.7949042252814615e+02
    -4.6176620368143584e-01 -4.0986644447782683e-01
    -1.4073781251159803e+00 -6.2106842000676465e+01
    9.2058851538085108e+01 6.5947411171609610e+02 2.1602010155990609e-01
    -1.6863287836851923e-01 -1.5540180016565579e+00
    -4.3617476774671218e+01 1.1718821273016935e+02
    5.9445811220511825e+02 2.8821986521722986e-01
    -4.0310847237784392e-01 -2.2850073060076710e+00
    6.9363478882951611e+01 9.9062111489878973e+01 6.1620761253017997e+02
    8.2319549459912744e-01 -3.8680372942743818e-02
    -2.5690205413661671e+00 1.1195755622261578e+02
    1.2892753179279691e+02 6.4298861728507336e+02
    -1.2399786485374757e-01 1.7698283590356786e-01
    3.2250917534296558e-01 -9.9144158714049993e+01
    -9.6461000074443277e+01 5.3605945412093172e+02
    -5.8105120815512709e-02 1.1052189344104515e-01
    3.8606905325159807e-01 -1.0957162814201912e+02
    -9.3430702065260846e+01 5.4382118269180046e+02
    8.3408544542532631e-02 7.2540512199852858e-02 6.7086536042480549e-02
    -8.7303537904135922e+01 -6.2544844281648047e+01
    4.8496326377517033e+02 6.2160257040553846e-01 2.1870163661659880e-01
    2.1553881490870394e-01 -1.2292355952546262e+02
    -6.6550200596287524e+01 4.3952294678442831e+02
    1.6257947098617598e-01 7.7611905859897024e-01 3.8734126550950251e-02
    -1.2614052256967010e+02 -7.4546149114365321e+01
    6.3460818296606885e+02 -1.0219379223199745e-01
    -2.0763667856419579e-01 -9.5345939851154901e-02
    -8.0750870050234724e+01 -4.6363536624293644e+01
    5.1651047849038036e+02 8.7038987033419696e-03
    -8.8559246794608942e-02 -1.4824191577582566e+00
    -5.7495616734589930e+01 9.3573177254408620e+01
    5.7665595376037425e+02 6.5720297374269196e-02
    -9.6630946691188338e-02 -3.9375035035059414e-01
    -1.0076598935076797e+02 -1.1592658925297636e+01
    5.7480329878701878e+02 -9.8382423404646938e-02
    -2.3811064627567316e-01 -1.0253856984842553e+00
    -8.4453031379945656e+01 5.8989979579132893e+01
    6.7242735209930595e+02 7.8078603777326161e-01
    -4.3592258501271014e-01 -8.1742789001556571e-01
    -6.3878640482398410e+01 5.3441126986846939e+01
    5.9413366022870650e+02 -7.5666197742996344e-01
    2.5018316973898774e-01 -5.2015776094419031e-01
    -8.3019182632820261e+01 1.0630896393317496e+01
    5.8233100425908151e+02 -1.3233634425272015e-01
    2.1246350164158065e-01 -2.7910804180883003e-01
    -5.9986429733351642e+01 -3.7115154136200260e+01
    5.9601560225573905e+02 -1.5264466412429273e-01
    1.6962149824099532e-01 -2.3993969192964165e-01
    -8.5164113119508883e+01 -3.4623724040624253e+01
    4.7535874010023468e+02 3.8056874946115871e-01 1.5715424125859567e-01
    -4.3856977786757784e-01 -1.1129920280553921e+02
    9.4709735466212038e+01 9.0942037338619048e+02
    -8.4287166420561596e-02 -3.0704460584768556e-02
    -9.9788871614441310e-01 -1.0185836537453231e+02
    5.7685230727511929e+01 6.2960585729894274e+02
    -7.3354140830932535e-01 2.0243016912777115e-01
    -8.8092157333984189e-01 -9.4324777172585954e+01
    7.1439961132977629e+01 7.9472254283162306e+02 4.9028701725452567e-01
    6.3419608080648282e-01 -1.2063364565173444e+00
    -2.4942169077376946e+01 7.3595634983258648e+01
    7.6516017162034325e+02 -1.9270876907005108e-01
    4.5920034122537590e-01 -3.7822458842779555e-01
    -1.9694355865840910e+02 -9.4982659667579455e+01
    1.5189879021189588e+03 8.1169378194074035e-02 1.8866031753549292e-01
    -2.4678684203266057e-01 -2.1660656541713880e+02
    -9.9248758817151980e+01 1.0090620411337304e+03
    -2.6711022279897140e-01 1.7695689142950624e-01
    3.9048948078622908e-01 -7.0210132302305595e+01
    -1.0284675150867064e+02 5.6997929469273777e+02
    -6.6340717840755778e-02 -1.1478307323364323e-01
    -5.1137780338733485e-01 -5.0884427988787543e+01
    1.3764386030685495e+01 5.8450155230503617e+02
    -1.0691816680019011e-02 -1.1429869693130491e-01
    -5.1880859139116470e-02 -6.4149574515281046e+01
    1.8365639472566585e+01 1.1329777107949474e+03 4.7487618703704093e-01
    -3.7170555848101011e-01 -1.1819437140382709e+00
    -1.5285635005865641e+01 9.3240186637031485e+01
    6.0731172767224166e+02 7.5954561147922062e-01
    -7.8146581487975514e-02 3.9325683771122910e-03
    -4.6958250869016794e+01 3.9962884615492008e+01
    1.0449909438188215e+03 3.8506809067840764e-01
    -2.4864875637590025e-01 -6.5277603517286320e-01
    -5.5724019812086333e+01 9.0239270298933832e+01
    1.0481181817291408e+03 9.6192911659723024e-01
    -3.5279118637138301e-01 -7.1884391985848139e-01
    -2.7835405706584570e+01 1.2089071845188232e+02
    1.0064046679385107e+03 -8.0271434631241179e-01
    -4.4479432736127360e-02 2.2792562977352593e-01
    4.8599901733913784e+00 -1.5120658992432422e+02
    9.7906998284141036e+02 9.5139200421080442e-02 1.6610314402584106e-01
    2.3968559604105133e-01 -1.7298889122592033e+01
    -1.8098980167528040e+02 1.2397993979061814e+03
    4.4194982193833604e-01 5.4017829220250435e-01
    -3.0807257195720322e-01 -1.9462119321688553e+02
    -1.3925499681378756e+02 1.0008304912397427e+03
    -2.7241707282036137e-01 2.9326935582436325e-01
    -1.0619822048246192e+00 -1.1926032891655058e+02
    7.5120438124428318e+01 8.7257741765280059e+02 4.7271710676636691e-01
    6.6183356466828003e-01 -1.2729322500752143e+00
